slsqp = [0.9289900849685725, 0.9289900849685725, 0.9289900849685725, 0.9289900849685725, 0.9289900849685725, 0.9289900849685725, 0.9289900849685725, 0.9289900849685725, 0.9289900849685725, 0.9289900849685725, 0.9289900849685725, 0.9289900849685725, 0.9289900849685725, 0.9289900849685725, 0.9289900849685725, 0.9289900849685725, 0.9289900849685725, 0.9289900849685725, 0.9289900849685725, 0.9289900849685725, 0.9289900849685725, 0.9289900849685725, 0.9289900849685725, 0.9289900849685725, 0.9289900849685725, 0.9289900849685725, 0.9289900849685725, 0.9289900849685725, 0.9289900849685725, 0.9289900849685725, 0.9289900849685725, 0.9289900849685725, 0.9289900849685725, 0.9289900849685725, 0.9289900849685725, 0.9289900849685725, 0.9289900849685725, 0.9289900849685725, 0.9289900849685725, 0.9289900849685725]
nealermead = [0.8058133311635027, 0.8058133311635027, 0.8058133311635027, 0.8058133311635027, 0.8058133311635027, 0.8058133311635027, 0.8058133311635027, 0.8058133311635027, 0.8058133311635027, 0.8058133311635027, 0.8058133311635027, 0.8058133311635027, 0.8058133311635027, 0.8058133311635027, 0.8058133311635027, 0.8058133311635027, 0.8058133311635027, 0.8058133311635027, 0.8058133311635027, 0.8058133311635027, 0.8058133311635027, 0.8058133311635027, 0.8058133311635027, 0.8058133311635027, 0.8058133311635027, 0.8058133311635027, 0.8058133311635027, 0.8058133311635027, 0.8058133311635027, 0.8058133311635027, 0.8058133311635027, 0.8058133311635027, 0.8058133311635027, 0.8058133311635027, 0.8058133311635027, 0.8058133311635027, 0.8058133311635027, 0.8058133311635027, 0.8058133311635027, 0.8058133311635027]
powell = [0.8630878940133069, 0.8630878940133069, 0.8630878940133069, 0.8630878940133069, 0.8630878940133069, 0.8630878940133069, 0.8630878940133069, 0.8630878940133069, 0.8630878940133069, 0.8630878940133069, 0.8630878940133069, 0.8630878940133069, 0.8630878940133069, 0.8630878940133069, 0.8630878940133069, 0.8630878940133069, 0.8630878940133069, 0.8630878940133069, 0.8630878940133069, 0.8630878940133069, 0.8630878940133069, 0.8630878940133069, 0.8630878940133069, 0.8630878940133069, 0.8630878940133069, 0.8630878940133069, 0.8630878940133069, 0.8630878940133069, 0.8630878940133069, 0.8630878940133069, 0.8630878940133069, 0.8630878940133069, 0.8630878940133069, 0.8630878940133069, 0.8630878940133069, 0.8630878940133069, 0.8630878940133069, 0.8630878940133069, 0.8630878940133069, 0.8630878940133069]
cobyla = [1.3267760853196764, 1.3267760853196764, 1.3267760853196764, 1.3267760853196764, 1.3267760853196764, 1.3267760853196764, 1.3267760853196764, 1.3267760853196764, 1.3267760853196764, 1.3267760853196764, 1.3267760853196764, 1.3267760853196764, 1.3267760853196764, 1.3267760853196764, 1.3267760853196764, 1.3267760853196764, 1.3267760853196764, 1.3267760853196764, 1.3267760853196764, 1.3267760853196764, 1.3267760853196764, 1.3267760853196764, 1.3267760853196764, 1.3267760853196764, 1.3267760853196764, 1.3267760853196764, 1.3267760853196764, 1.3267760853196764, 1.3267760853196764, 1.3267760853196764, 1.3267760853196764, 1.3267760853196764, 1.3267760853196764, 1.3267760853196764, 1.3267760853196764, 1.3267760853196764, 1.3267760853196764, 1.3267760853196764, 1.3267760853196764, 1.3267760853196764]
slsqp_loss = 0.9289900849685725
nealermead_loss = 0.8058133311635027
powell_loss = 0.8630878940133069
cobyla_loss = 1.3267760853196764


[1.5002852594230982, 1.5002852594230982, 1.5002852594230982, 1.5002852594230982, 1.5002852594230982, 1.5002852594230982, 1.5002852594230982, 1.5002852594230982, 1.5002852594230982, 1.5002852594230982]
[1.559348914955898, 1.559348914955898, 1.559348914955898, 1.559348914955898, 1.559348914955898, 1.559348914955898, 1.559348914955898, 1.559348914955898, 1.559348914955898, 1.559348914955898]
[0.7980677759717306, 0.7980677759717306, 0.7980677759717306, 0.7980677759717306, 0.7980677759717306, 0.7980677759717306, 0.7980677759717306, 0.7980677759717306, 0.7980677759717306, 0.7980677759717306]
[1.500114502207475, 1.500114502207475, 1.500114502207475, 1.500114502207475, 1.500114502207475, 1.500114502207475, 1.500114502207475, 1.500114502207475, 1.500114502207475, 1.500114502207475]
1.5002852594230982
1.559348914955898
0.7980677759717306
1.500114502207475